13 April 2015 10:09:06 AM

POLPAK_PRB
  C++ version
  Test the POLPAK library.

AGUD_TEST
  AGUD computes the inverse Gudermannian;

         X     GUD(X)     AGUD(GUD(X))

           1    0.865769           1
         1.2    0.985692         1.2
         1.4     1.08725         1.4
         1.6     1.17236         1.6
         1.8     1.24316         1.8
           2     1.30176           2
         2.2     1.35009         2.2
         2.4     1.38986         2.4
         2.6     1.42252         2.6
         2.8     1.44933         2.8
           3      1.4713           3

ALIGN_ENUM_TEST
  ALIGN_ENUM counts the number of possible
  alignments of two biological sequences.

  Alignment enumeration table:

             0         1         2         3         4         5  

   0         1         1         1         1         1         1  
   1         1         3         5         7         9        11  
   2         1         5        13        25        41        61  
   3         1         7        25        63       129       231  
   4         1         9        41       129       321       681  
   5         1        11        61       231       681      1683  
   6         1        13        85       377      1289      3653  
   7         1        15       113       575      2241      7183  
   8         1        17       145       833      3649     13073  
   9         1        19       181      1159      5641     22363  
  10         1        21       221      1561      8361     36365  

             6         7         8         9        10  

   0         1         1         1         1         1  
   1        13        15        17        19        21  
   2        85       113       145       181       221  
   3       377       575       833      1159      1561  
   4      1289      2241      3649      5641      8361  
   5      3653      7183     13073     22363     36365  
   6      8989     19825     40081     75517    134245  
   7     19825     48639    108545    224143    433905  
   8     40081    108545    265729    598417   1256465  
   9     75517    224143    598417   1462563   3317445  
  10    134245    433905   1256465   3317445   8097453  

BELL_TEST
  BELL computes Bell numbers.

  N  exact C(I)  computed C(I)

     0         1         1
     1         1         1
     2         2         2
     3         5         5
     4        15        15
     5        52        52
     6       203       203
     7       877       877
     8      4140      4140
     9     21147     21147
    10    115975    115975

BENFORD_TEST
  BENFORD(I) is the Benford probability of the
  initial digit sequence I.

     I  BENFORD(I)

     1     0.30103
     2    0.176091
     3    0.124939
     4     0.09691
     5   0.0791812
     6   0.0669468
     7   0.0579919
     8   0.0511525
     9   0.0457575

BERNOULLI_NUMBER_TEST
  BERNOULLI_NUMBER computes Bernoulli numbers;

   I      Exact     BERNOULLI_NUMBER

     0           1           1
     1        -0.5        -0.5
     2    0.166667    0.166667
     3           0           0
     4  -0.0333333  -0.0333333
     6  -0.0238095   0.0238095
     8  -0.0333333  -0.0333333
    10   0.0757576   0.0757576
    20    -529.124    -529.124
    30  6.01581e+08  6.01581e+08

BERNOULLI_NUMBER2_TEST
  BERNOULLI_NUMBER2 computes Bernoulli numbers;

   I      Exact     BERNOULLI_NUMBER2

     0           1           1
     1        -0.5        -0.5
     2    0.166667    0.166667
     3           0           0
     4  -0.0333333  -0.0333333
     6  -0.0238095   0.0238095
     8  -0.0333333  -0.0333333
    10   0.0757576   0.0757576
    20    -529.124    -529.124
    30  6.01581e+08  6.01581e+08

BERNOULLI_NUMBER3_TEST
  BERNOULLI_NUMBER3 computes Bernoulli numbers.

   I      Exact     BERNOULLI_NUMBER3

     0               1               1
     1            -0.5            -0.5
     2        0.166667        0.166667
     3               0               0
     4      -0.0333333      -0.0333331
     6      -0.0238095       0.0238095
     8      -0.0333333      -0.0333333
    10       0.0757576       0.0757576
    20        -529.124        -529.124
    30     6.01581e+08     6.01581e+08

BERNOULLI_POLY_TEST
  BERNOULLI_POLY evaluates Bernoulli polynomials;

  X = 0.2

  I          BX

       1        -0.3
       2  0.00666667
       3  1.8547e+06
       4      525499
       5  1.25096e+07
       6    -0.94882
       7     35.5459
       8     16.3941
       9    -17139.4
      10    -418.656
      11     29482.6
      12     15985.3
      13  -5.54642e+07
      14     -871872
      15  1.09544e+08

BERNOULLI_POLY2_TEST
  BERNOULLI_POLY2 evaluates Bernoulli polynomials.

  X = 0.2

  I          BX

   1              -0.3
   2        0.00666667
   3             0.048
   4       -0.00773314
   5        -0.0236798
   6        0.00691363
   7         0.0249088
   8          -0.01015
   9        -0.0452782
  10         0.0233263
  11           0.12605
  12        -0.0781468
  13         -0.497979
  14           0.36044
  15           2.64878

BERNSTEIN_POLY_TEST:
  BERNSTEIN_POLY evaluates the Bernstein polynomials.

   N   K   X   Exact   B(N,K)(X)

     0     0     0.25               1               1
     1     0     0.25            0.75            0.75
     1     1     0.25            0.25            0.25
     2     0     0.25          0.5625          0.5625
     2     1     0.25           0.375           0.375
     2     2     0.25          0.0625          0.0625
     3     0     0.25        0.421875        0.421875
     3     1     0.25        0.421875        0.421875
     3     2     0.25        0.140625        0.140625
     3     3     0.25        0.015625        0.015625
     4     0     0.25        0.316406        0.316406
     4     1     0.25        0.421875        0.421875
     4     2     0.25        0.210938        0.210938
     4     3     0.25        0.046875        0.046875
     4     4     0.25      0.00390625      0.00390625

BPAB_TEST
  BPAB evaluates Bernstein polynomials.

  The Bernstein polynomials of degree 10
  based on the interval from 0
  to 1
  evaluated at X = 0.3

     0       0.0282475
     1        0.121061
     2        0.233474
     3        0.266828
     4        0.200121
     5        0.102919
     6       0.0367569
     7      0.00900169
     8       0.0014467
     9     0.000137781
    10      5.9049e-06

CARDAN_POLY_TEST
  CARDAN_POLY evaluates a Cardan polynomial directly.


  Compare CARDAN_POLY_COEF + R8POLY_VALUE_HORNER
  versus CARDAN_POLY alone.

  Evaluate polynomials at X = 0.25
  We use the parameter S = 0.5

  Order       Horner          Direct

   0               2               2
   1            0.25            0.25
   2         -0.9375         -0.9375
   3       -0.359375       -0.359375
   4        0.378906        0.378906
   5        0.274414        0.274414
   6        -0.12085        -0.12085
   7       -0.167419       -0.167419
   8       0.0185699       0.0185699
   9       0.0883522       0.0883522
  10       0.0128031       0.0128031

CARDAN_POLY_COEF_TEST
  CARDAN_POLY_COEF returns the coefficients of a
  Cardan polynomial.

  We use the parameter S = 1

  Table of polynomial coefficients:

   0      2  
   1      0      1  
   2     -2      0      1  
   3      0     -3      0      1  
   4      2      0     -4      0      1  
   5      0      5      0     -5      0      1  
   6     -2      0      9      0     -6      0      1  
   7      0     -7      0     14      0     -7      0      1  
   8      2      0    -16      0     20      0     -8      0      1  
   9      0      9      0    -30      0     27      0     -9      0      1  
  10     -2      0     25      0    -50      0     35      0    -10      0      1  

CARDINAL_COS_TEST
  CARDINAL_COS evaluates cardinal cosine functions.
  Ci(Tj) = Delta(i,j), where Tj = cos(pi*i/(n+1)).
  A simple check of all pairs should form the identity matrix.

  The CARDINAL_COS test matrix:

     1  3.87588e-17  -3.8087e-17  3.6957e-17  -3.53525e-17  3.32498e-17  -3.06162e-17  2.7408e-17  -2.35683e-17  1.90224e-17  -1.36726e-17  2.68781e-17  -3.7494e-33
     0     1  1.02156e-16  -8.36449e-17  7.58758e-17  -6.97041e-17  6.33924e-17  -5.63412e-17  4.82323e-17  -3.88197e-17  2.78539e-17  -5.47043e-17  7.62877e-33
    -0  -2.64398e-17     1  1.36226e-16  -9.65848e-17  8.11722e-17  -7.0705e-17  6.1345e-17  -5.17597e-17  4.1285e-17  -2.94604e-17  5.76875e-17  -8.03719e-33
     0  1.02054e-17  -6.42177e-17     1  1.70697e-16  -1.09948e-16  8.65956e-17  -7.14377e-17  5.8574e-17  -4.59243e-17  3.24365e-17  -6.31671e-17  8.78539e-33
    -0  -5.66903e-18  2.78816e-17  -1.0453e-16     1  2.04362e-16  -1.22465e-16  9.09354e-17  -7.0705e-17  5.38036e-17  -3.73543e-17  7.20914e-17  -9.9984e-33
     0  3.73543e-18  -1.68071e-17  4.82924e-17  -1.46581e-16     1  2.36584e-16  -1.33305e-16  9.31777e-17  -6.72378e-17  4.53636e-17  -8.62879e-17  1.1914e-32
    -0  -2.73453e-18  1.17842e-17  -3.06162e-17  7.0705e-17  -1.90435e-16     1  2.66609e-16  -1.4141e-16  9.18485e-17  -5.89208e-17  1.09409e-16  -1.49976e-32
     0  2.15665e-18  -9.07271e-18  2.24126e-17  -4.65889e-17  9.52176e-17  -2.36584e-16     1  2.93162e-16  -1.44877e-16  8.40356e-17  -1.49455e-16  2.02347e-32
    -0  -1.80183e-18  7.47086e-18  -1.79345e-17  3.53525e-17  -6.49539e-17  1.22465e-16  -2.86107e-16     1  3.1359e-16  -1.39408e-16  2.26819e-16  -2.99952e-32
     0  1.57878e-18  -6.48731e-18  1.53081e-17  -2.9287e-17  5.10269e-17  -8.65956e-17  1.53927e-16  -3.41394e-16     1  3.21089e-16  -4.08319e-16  5.1205e-32
    -0  -1.44182e-18  5.89208e-18  -1.37617e-17  2.58798e-17  -4.38178e-17  7.0705e-17  -1.13641e-16  1.9317e-16  -4.08679e-16     1  1.05786e-15  -1.11944e-31
     0  1.36726e-18  -5.57078e-18  1.29399e-17  -2.41162e-17  4.02437e-17  -6.33924e-17  9.75858e-17  -1.51752e-16  2.50935e-16  -5.10778e-16     1  4.40146e-31
    -0  -6.71783e-19  2.73453e-18  -6.34082e-18  1.17842e-17  -1.95772e-17  3.06162e-17  -4.65497e-17  7.0705e-17  -1.10871e-16  1.90435e-16  -1.55074e-15     1

CARDINAL_SIN_TEST
  CARDINAL_SIN evaluates cardinal sine functions.
  Si(Tj) = Delta(i,j), where Tj = cos(pi*i/(n+1)).
  A simple check of all pairs should form the identity matrix.

  The CARDINAL_SIN test matrix:

     1     0    -0     0    -0     0    -0     0    -0     0    -0     0    -0
     0     1  5.28796e-17  -3.06162e-17  2.26761e-17  -1.86772e-17  1.64072e-17  -1.50966e-17  1.44146e-17  -1.4209e-17  1.44182e-17  -5.47043e-17  1.61228e-17
    -0  -5.10778e-17     1  9.63266e-17  -5.57633e-17  4.20178e-17  -3.53525e-17  3.17545e-17  -2.98835e-17  2.91929e-17  -2.94604e-17  1.11444e-16  -3.28143e-17
     0  2.78816e-17  -9.08176e-17     1  1.39374e-16  -8.04874e-17  6.12323e-17  -5.2296e-17  4.78254e-17  -4.59243e-17  4.58722e-17  -1.72576e-16  5.07265e-17
    -0  -1.8969e-17  4.82924e-17  -1.28023e-16     1  1.83226e-16  -1.06058e-16  8.15305e-17  -7.0705e-17  6.58957e-17  -6.46996e-17  2.41223e-16  -7.0705e-17
     0  1.39408e-17  -3.24689e-17  6.59687e-17  -1.6349e-16     1  2.28522e-16  -1.33305e-16  1.03926e-16  -9.18485e-17  8.76357e-17  -3.22031e-16  9.39705e-17
    -0  -1.05654e-17  2.35683e-17  -4.32978e-17  8.16431e-17  -1.97153e-16     1  2.76014e-16  -1.63286e-16  1.29893e-16  -1.17842e-16  4.22723e-16  -1.22465e-16
     0  8.04874e-18  -1.75271e-17  3.06162e-17  -5.19631e-17  9.52176e-17  -2.28522e-16     1  3.26979e-16  -1.97906e-16  1.62344e-16  -5.57774e-16  1.59599e-16
    -0  -6.02904e-18  1.29399e-17  -2.19652e-17  3.53525e-17  -5.82361e-17  1.06058e-16  -2.56516e-16     1  3.84068e-16  -2.41462e-16  7.5895e-16  -2.12115e-16
     0  4.31331e-18  -9.17444e-18  1.53081e-17  -2.39127e-17  3.73543e-17  -6.12323e-17  1.12682e-16  -2.78747e-16     1  4.54088e-16  -1.11555e-15  2.95656e-16
    -0  -2.78539e-18  5.89208e-18  -9.73096e-18  1.49417e-17  -2.26818e-17  3.53525e-17  -5.88249e-17  1.11527e-16  -2.8898e-16     1  2.04363e-15  -4.57044e-16
     0  1.36726e-18  -2.88365e-18  4.73634e-18  -7.20732e-18  1.07833e-17  -1.64072e-17  2.6148e-17  -4.53523e-17  9.18485e-17  -2.64398e-16     1  9.30212e-16
    -0  -6.35731e-34  1.33953e-33  -2.19635e-33  3.3328e-33  -4.96418e-33  7.4988e-33  -1.18036e-32  1.99968e-32  -3.84038e-32  9.32863e-32  -1.46752e-30     1

CATALAN_TEST
  CATALAN computes Catalan numbers.

  N  exact C(I)  computed C(I)

     0         1         1
     1         1         1
     2         2         2
     3         5         5
     4        14        14
     5        42        42
     6       132       132
     7       429       429
     8      1430      1430
     9      4862      4862
    10     16796     16796

CATALAN_ROW_NEXT_TEST
  CATALAN_ROW_NEXT computes a row of Catalan''s triangle.

  First, compute row 7:

   7         1         7        27        75       165       297       429       429  

  Now compute rows consecutively, one at a time:

   8         1  
   1         1         1  
   2         1         2         2  
   3         1         3         5         5  
   4         1         4         9        14        14  
   5         1         5        14        28        42        42  
   6         1         6        20        48        90       132       132  
   7         1         7        27        75       165       297       429       429  
   8         1         8        35       110       275       572      1001      1430      1430  
   9         1         9        44       154       429      1001      2002      3432      4862      4862  
  10         1        10        54       208       637      1638      3640      7072     11934     16796     16796  

CHARLIER_TEST:
  CHARLIER evaluates Charlier polynomials.

       N      A         X        P(N,A,X)



       0      0.25         0               1
       1      0.25         0              -0
       2      0.25         0              -4
       3      0.25         0             -36
       4      0.25         0            -420
       5      0.25         0           -6564

       0      0.25       0.5               1
       1      0.25       0.5              -2
       2      0.25       0.5             -10
       3      0.25       0.5             -54
       4      0.25       0.5            -474
       5      0.25       0.5           -6246

       0      0.25         1               1
       1      0.25         1              -4
       2      0.25         1              -8
       3      0.25         1              -8
       4      0.25         1              24
       5      0.25         1             440

       0      0.25       1.5               1
       1      0.25       1.5              -6
       2      0.25       1.5               2
       3      0.25       1.5              54
       4      0.25       1.5             354
       5      0.25       1.5            3030

       0      0.25         2               1
       1      0.25         2              -8
       2      0.25         2              20
       3      0.25         2              84
       4      0.25         2             180
       5      0.25         2             276

       0      0.25       2.5               1
       1      0.25       2.5             -10
       2      0.25       2.5              46
       3      0.25       2.5              34
       4      0.25       2.5            -450
       5      0.25       2.5           -3694


       0       0.5         0               1
       1       0.5         0              -0
       2       0.5         0              -2
       3       0.5         0             -10
       4       0.5         0             -58
       5       0.5         0            -442

       0       0.5       0.5               1
       1       0.5       0.5              -1
       2       0.5       0.5              -4
       3       0.5       0.5             -12
       4       0.5       0.5             -48
       5       0.5       0.5            -288

       0       0.5         1               1
       1       0.5         1              -2
       2       0.5         1              -4
       3       0.5         1              -4
       4       0.5         1               4
       5       0.5         1              60

       0       0.5       1.5               1
       1       0.5       1.5              -3
       2       0.5       1.5              -2
       3       0.5       1.5               8
       4       0.5       1.5              44
       5       0.5       1.5             200

       0       0.5         2               1
       1       0.5         2              -4
       2       0.5         2               2
       3       0.5         2              18
       4       0.5         2              42
       5       0.5         2              66

       0       0.5       2.5               1
       1       0.5       2.5              -5
       2       0.5       2.5               8
       3       0.5       2.5              20
       4       0.5       2.5              -8
       5       0.5       2.5            -192


       0         1         0               1
       1         1         0              -0
       2         1         0              -1
       3         1         0              -3
       4         1         0              -9
       5         1         0             -33

       0         1       0.5               1
       1         1       0.5            -0.5
       2         1       0.5           -1.75
       3         1       0.5          -3.375
       4         1       0.5         -6.5625
       5         1       0.5        -16.0312

       0         1         1               1
       1         1         1              -1
       2         1         1              -2
       3         1         1              -2
       4         1         1               0
       5         1         1               8

       0         1       1.5               1
       1         1       1.5            -1.5
       2         1       1.5           -1.75
       3         1       1.5           0.375
       4         1       1.5          6.1875
       5         1       1.5         20.1562

       0         1         2               1
       1         1         2              -2
       2         1         2              -1
       3         1         2               3
       4         1         2               9
       5         1         2              15

       0         1       2.5               1
       1         1       2.5            -2.5
       2         1       2.5            0.25
       3         1       2.5           5.125
       4         1       2.5          6.9375
       5         1       2.5        -3.15625


       0         2         0               1
       1         2         0              -0
       2         2         0            -0.5
       3         2         0              -1
       4         2         0           -1.75
       5         2         0           -3.25

       0         2       0.5               1
       1         2       0.5           -0.25
       2         2       0.5         -0.8125
       3         2       0.5        -1.17188
       4         2       0.5        -1.41797
       5         2       0.5        -1.55566

       0         2         1               1
       1         2         1            -0.5
       2         2         1              -1
       3         2         1              -1
       4         2         1            -0.5
       5         2         1            0.75

       0         2       1.5               1
       1         2       1.5           -0.75
       2         2       1.5         -1.0625
       3         2       1.5       -0.578125
       4         2       1.5        0.582031
       5         2       1.5         2.46582

       0         2         2               1
       1         2         2              -1
       2         2         2              -1
       3         2         2               0
       4         2         2             1.5
       5         2         2               3

       0         2       2.5               1
       1         2       2.5           -1.25
       2         2       2.5         -0.8125
       3         2       2.5        0.640625
       4         2       2.5         2.01953
       5         2       2.5         2.25293


       0        10         0               1
       1        10         0              -0
       2        10         0            -0.1
       3        10         0           -0.12
       4        10         0          -0.126
       5        10         0         -0.1284

       0        10       0.5               1
       1        10       0.5           -0.05
       2        10       0.5         -0.1525
       3        10       0.5       -0.165375
       4        10       0.5       -0.160969
       5        10       0.5       -0.151158

       0        10         1               1
       1        10         1            -0.1
       2        10         1            -0.2
       3        10         1            -0.2
       4        10         1           -0.18
       5        10         1          -0.154

       0        10       1.5               1
       1        10       1.5           -0.15
       2        10       1.5         -0.2425
       3        10       1.5       -0.224625
       4        10       1.5       -0.185569
       5        10       1.5       -0.142111

       0        10         2               1
       1        10         2            -0.2
       2        10         2           -0.28
       3        10         2           -0.24
       4        10         2           -0.18
       5        10         2           -0.12

       0        10       2.5               1
       1        10       2.5           -0.25
       2        10       2.5         -0.3125
       3        10       2.5       -0.246875
       4        10       2.5       -0.165469
       5        10       2.5      -0.0915391

CHEBY_T_POLY_TEST:
  CHEBY_T_POLY evaluates the Chebyshev T polynomial.

     N      X        Exact F       T(N)(X)

         0       0.8               1               1
         1       0.8             0.8             0.8
         2       0.8            0.28            0.28
         3       0.8          -0.352          -0.352
         4       0.8         -0.8432         -0.8432
         5       0.8        -0.99712        -0.99712
         6       0.8       -0.752192       -0.752192
         7       0.8       -0.206387       -0.206387
         8       0.8        0.421972        0.421972
         9       0.8        0.881543        0.881543
        10       0.8        0.988497        0.988497
        11       0.8        0.700051        0.700051
        12       0.8        0.131586        0.131586

CHEBY_T_POLY_COEF_TEST
  CHEBY_T_POLY_COEF determines the  polynomial coefficients
  of the Chebyshev polynomial T(n,x).

  T(0,x)

             1

  T(1,x)

             1 * x

  T(2,x)

             2 * x^2
            -1

  T(3,x)

             4 * x^3
            -3 * x

  T(4,x)

             8 * x^4
            -8 * x^2
             1

  T(5,x)

            16 * x^5
           -20 * x^3
             5 * x

CHEBY_T_POLY_ZERO_TEST:
  CHEBY_T_POLY_ZERO returns zeroes of T(N,X).

       N      X        T(N,X)

         1  6.12323e-17     6.12323e-17

         2  0.707107     2.22045e-16
         2  -0.707107    -2.22045e-16

         3  0.866025     3.33067e-16
         3  6.12323e-17    -1.83697e-16
         3  -0.866025    -3.33067e-16

         4   0.92388    -2.22045e-16
         4  0.382683    -2.22045e-16
         4  -0.382683     1.11022e-16
         4  -0.92388    -2.22045e-16


CHEBY_U_POLY_TEST:
  CHEBY_U_POLY evaluates the Chebyshev U polynomial.

     N      X        Exact F       U(N)(X)

         0       0.8               1               1
         1       0.8             1.6             1.6
         2       0.8            1.56            1.56
         3       0.8           0.896           0.896
         4       0.8         -0.1264         -0.1264
         5       0.8        -1.09824        -1.09824
         6       0.8        -1.63078        -1.63078
         7       0.8        -1.51101        -1.51101
         8       0.8       -0.786839       -0.786839
         9       0.8        0.252072        0.252072
        10       0.8         1.19015         1.19015
        11       0.8         1.65217         1.65217
        12       0.8         1.45333         1.45333

CHEBY_U_POLY_COEF_TEST
  CHEBY_U_POLY_COEF determines the polynomial coefficients
  of the Chebyshev polynomial U(n,x).

  U(0,x)

             1

  U(1,x)

             2 * x

  U(2,x)

             4 * x^2
            -1

  U(3,x)

             8 * x^3
            -4 * x

  U(4,x)

            16 * x^4
           -12 * x^2
             1

  U(5,x)

            32 * x^5
           -32 * x^3
             6 * x

CHEBY_U_POLY_ZERO_TEST:
  CHEBY_U_POLY_ZERO returns zeroes of U(N,X).

       N      X        U(N,X)

         1  6.12323e-17     1.22465e-16

         2       0.5     4.44089e-16
         2      -0.5    -8.88178e-16

         3  0.707107     6.66134e-16
         3  6.12323e-17    -2.44929e-16
         3  -0.707107     6.66134e-16

         4  0.809017               0
         4  0.309017    -1.11022e-16
         4  -0.309017     5.55112e-16
         4  -0.809017    -8.88178e-16


CHEBYSHEV_DISCRETE_TEST:
  CHEBYSHEV_DISCRETE evaluates discrete Chebyshev polynomials.

       N      M         X        T(N,M,X)

       0         5         0               1
       1         5         0              -4
       2         5         0              12
       3         5         0             -24
       4         5         0              24
       5         5         0               0

       0         5       0.5               1
       1         5       0.5              -3
       2         5       0.5             1.5
       3         5       0.5            34.5
       4         5       0.5        -199.125
       5         5       0.5         826.875

       0         5         1               1
       1         5         1              -2
       2         5         1              -6
       3         5         1              48
       4         5         1             -96
       5         5         1               0

       0         5       1.5               1
       1         5       1.5              -1
       2         5       1.5           -10.5
       3         5       1.5            31.5
       4         5       1.5          70.875
       5         5       1.5        -354.375

       0         5         2               1
       1         5         2               0
       2         5         2             -12
       3         5         2              -0
       4         5         2             144
       5         5         2               0

       0         5       2.5               1
       1         5       2.5               1
       2         5       2.5           -10.5
       3         5       2.5           -31.5
       4         5       2.5          70.875
       5         5       2.5         354.375

COLLATZ_COUNT_TEST:
  COLLATZ_COUNT(N) counts the length of the
  Collatz sequence beginning with N.

       N       COUNT(N)     COUNT(N)
              (computed)    (table)

         1         1         1
         2         2         2
         3         8         8
         4         3         3
         5         6         6
         6         9         9
         7        17        17
         8         4         4
         9        20        20
        10         7         7
        27       112       112
        50        25        25
       100        26        26
       200        27        27
       300        17        17
       400        28        28
       500       111       111
       600        18        18
       700        83        83
       800        29        29

COLLATZ_COUNT_MAX_TEST:
  COLLATZ_COUNT_MAX(N) returns the length of the
  longest Collatz sequence from 1 to N.

         N     I_MAX     J_MAX

        10         9        20
       100        97       119
      1000       871       179
     10000      6171       262
    100000     77031       351

COMB_ROW_NEXT_TEST
  COMB_ROW_NEXT computes the next row of Pascal's triangle.

   0      1
   1      1    1
   2      1    2    1
   3      1    3    3    1
   4      1    4    6    4    1
   5      1    5   10   10    5    1
   6      1    6   15   20   15    6    1
   7      1    7   21   35   35   21    7    1
   8      1    8   28   56   70   56   28    8    1
   9      1    9   36   84  126  126   84   36    9    1
  10      1   10   45  120  210  252  210  120   45   10    1

COMMUL_TEST
  COMMUL computes a multinomial coefficient.


  N = 8
  Number of factors = 0x7fffbadc14d0
   0         6
   1         2
  Value of coefficient = 28

  N = 8
  Number of factors = 0x7fffbadc14d0
   0         2
   1         2
   2         4
  Value of coefficient = 28

  N = 13
  Number of factors = 0x7fffbadc14d0
   0         5
   1         3
   2         3
   3         2
  Value of coefficient = 720720

COMPLETE_SYMMETRIC_POLY_TEST
  COMPLETE_SYMMETRIC_POLY evaluates a complete symmetric.
  polynomial in a given set of variables X.

  Variable vector X:

         0:              1
         1:              2
         2:              3
         3:              4
         4:              5

   N\R     0       1       2       3       4       5

   0       1       0       0       0       0       0
   1       1       1       1       1       1       1
   2       1       3       7      15      31      63
   3       1       6      25      90     301     966
   4       1      10      65     350    1701    7770
   5       1      15     140    1050    6951   42525

COS_POWER_INT_TEST:
  COS_POWER_INT computes the integral of the N-th power
  of the cosine function.

         A         B       N        Exact    Computed

         0   3.14159       0       3.14159       3.14159
         0   3.14159       1             0   1.22465e-16
         0   3.14159       2        1.5708        1.5708
         0   3.14159       3             0   1.22465e-16
         0   3.14159       4        1.1781        1.1781
         0   3.14159       5             0   1.22465e-16
         0   3.14159       6      0.981748      0.981748
         0   3.14159       7             0   1.22465e-16
         0   3.14159       8      0.859029      0.859029
         0   3.14159       9             0   1.22465e-16
         0   3.14159      10      0.773126      0.773126

EULER_NUMBER_TEST
  EULER_NUMBER computes Euler numbers.

  N  exact   EULER_NUMBER

     0             1             1
     1             0             0
     2            -1            -1
     4             5             5
     6           -61           -61
     8          1385          1385
    10        -50521        -50521
    12       2702765       2702765

EULER_NUMBER2_TEST
  EULER_NUMBER2 computes Euler numbers.

  N  exact   EULER_NUMBER2

     0             1               1
     1             0               0
     2            -1              -1
     4             5               5
     6           -61             -61
     8          1385            1385
    10        -50521          -50521
    12       2702765     2.70276e+06

EULER_POLY_TEST
  EULER_POLY evaluates Euler polynomials.

  N         X              F(X)

   0             0.5               1
   1             0.5     2.77556e-17
   2             0.5           -0.25
   3             0.5    -1.45953e-06
   4             0.5        0.312497
   5             0.5    -3.32929e-06
   6             0.5       -0.953128
   7             0.5    -1.73264e-06
   8             0.5         5.41016
   9             0.5    -1.02449e-06
  10             0.5        -49.3369
  11             0.5     6.47439e-07
  12             0.5         659.855
  13             0.5     5.22754e-06
  14             0.5          -12168
  15             0.5     0.000218677

EULERIAN_TEST
  EULERIAN evaluates Eulerian numbers.

     1       0       0       0       0       0       0  
     1       1       0       0       0       0       0  
     1       4       1       0       0       0       0  
     1      11      11       1       0       0       0  
     1      26      66      26       1       0       0  
     1      57     302     302      57       1       0  
     1     120    1191    2416    1191     120       1  

F_HOFSTADTER_TEST
  F_HOFSTADTER evaluates Hofstadter's recursive
  F function.

     N   F(N)

       0       0
       1       1
       2       1
       3       2
       4       2
       5       3
       6       3
       7       4
       8       4
       9       5
      10       5
      11       6
      12       6
      13       7
      14       7
      15       8
      16       8
      17       9
      18       9
      19      10
      20      10
      21      11
      22      11
      23      12
      24      12
      25      13
      26      13
      27      14
      28      14
      29      15
      30      15

FIBONACCI_DIRECT_TEST
  FIBONACCI_DIRECT evalutes a Fibonacci number directly.

       1           1
       2           1
       3           2
       4           3
       5           5
       6           8
       7          13
       8          21
       9          34
      10          55
      11          89
      12         144
      13         233
      14         377
      15         610
      16         987
      17        1597
      18        2584
      19        4181
      20        6765

FIBONACCI_FLOOR_TEST
  FIBONACCI_FLOOR computes the largest Fibonacci number
  less than or equal to a given positive integer.

     N  Fibonacci  Index

       1       1       2
       2       2       3
       3       3       4
       4       3       4
       5       5       5
       6       5       5
       7       5       5
       8       8       6
       9       8       6
      10       8       6
      11       8       6
      12       8       6
      13      13       7
      14      13       7
      15      13       7
      16      13       7
      17      13       7
      18      13       7
      19      13       7
      20      13       7

FIBONACCI_RECURSIVE_TEST
  FIBONACCI_RECURSIVE computes the Fibonacci sequence.

       1           1
       2           1
       3           2
       4           3
       5           5
       6           8
       7          13
       8          21
       9          34
      10          55
      11          89
      12         144
      13         233
      14         377
      15         610
      16         987
      17        1597
      18        2584
      19        4181
      20        6765

G_HOFSTADTER_TEST
  G_HOFSTADTER evaluates Hofstadter's recursive
  G function.

     N   G(N)

       0       0
       1       1
       2       1
       3       2
       4       3
       5       3
       6       4
       7       4
       8       5
       9       6
      10       6
      11       7
      12       8
      13       8
      14       9
      15       9
      16      10
      17      11
      18      11
      19      12
      20      12
      21      13
      22      14
      23      14
      24      15
      25      16
      26      16
      27      17
      28      17
      29      18
      30      19

GEGENBAUER_POLY_TEST
  GEGENBAUER_POLY evaluates the Gegenbauer polynomials.

        N       A       X       GPV      GEGENBAUER

       0         0.5         0.2               1               1
       1         0.5         0.2             0.2             0.2
       2         0.5         0.2           -0.44           -0.44
       3         0.5         0.2           -0.28           -0.28
       4         0.5         0.2           0.232           0.232
       5         0.5         0.2         0.30752         0.30752
       6         0.5         0.2       -0.080576       -0.080576
       7         0.5         0.2       -0.293517       -0.293517
       8         0.5         0.2      -0.0395648      -0.0395648
       9         0.5         0.2        0.245971        0.245957
      10         0.5         0.2        0.129072        0.129072
       2           0         0.4               0               0
       2           1         0.4           -0.36           -0.36
       2           2         0.4           -0.08           -0.08
       2           3         0.4            0.84            0.84
       2           4         0.4             2.4             2.4
       2           5         0.4             4.6             4.6
       2           6         0.4            7.44            7.44
       2           7         0.4           10.92           10.92
       2           8         0.4           15.04           15.04
       2           9         0.4            19.8            19.8
       2          10         0.4            25.2            25.2
       5           3        -0.5              -9               9
       5           3        -0.4        -0.16128        -0.16128
       5           3        -0.3        -6.67296        -6.67296
       5           3        -0.2        -8.37504        -8.37504
       5           3        -0.1        -5.52672        -5.52672
       5           3           0               0               0
       5           3         0.1         5.52672         5.52672
       5           3         0.2         8.37504         8.37504
       5           3         0.3         6.67296         6.67296
       5           3         0.4         0.16128         0.16128
       5           3         0.5              -9              -9
       5           3         0.6        -15.4253        -15.4253
       5           3         0.7        -9.69696        -9.69696
       5           3         0.8          22.441          22.441
       5           3         0.9         100.889         100.889
       5           3           1             252             252

GEN_HERMITE_POLY_TEST
  GEN_HERMITE_POLY evaluates the generalized Hermite
  polynomial.

  Table of H(N,MU)(X) for

    N(max) = 10
    MU =     0
    X =      0

       0               1
       1               0
       2              -2
       3              -0
       4              12
       5               0
       6            -120
       7              -0
       8            1680
       9               0
      10          -30240

  Table of H(N,MU)(X) for

    N(max) = 10
    MU =     0
    X =      1

       0               1
       1               2
       2               2
       3              -4
       4             -20
       5              -8
       6             184
       7             464
       8           -1648
       9          -10720
      10            8224

  Table of H(N,MU)(X) for

    N(max) = 10
    MU =     0.1
    X =      0

       0               1
       1               0
       2            -2.4
       3              -0
       4           15.36
       5               0
       6        -159.744
       7              -0
       8         2300.31
       9               0
      10        -42325.8

  Table of H(N,MU)(X) for

    N(max) = 10
    MU =     0.1
    X =      0.5

       0               1
       1               1
       2            -1.4
       3            -5.4
       4            3.56
       5           46.76
       6           9.736
       7        -551.384
       8        -691.582
       9         8130.56
      10         20855.7

  Table of H(N,MU)(X) for

    N(max) = 10
    MU =     0.5
    X =      0.5

       0               1
       1               1
       2              -3
       3              -7
       4              17
       5              73
       6            -131
       7           -1007
       8            1089
       9           17201
      10           -4579

  Table of H(N,MU)(X) for

    N(max) = 10
    MU =     1
    X =      0.5

       0               1
       1               1
       2              -5
       3              -9
       4              41
       5             113
